[1099.0,
 2036.0,
 6.0,
 3.855661392211914,
 1050.0,
 1059.0,
 4.0,
 5.4999871253967285,
 2061.0,
 1326.0,
 5.0,
 -6.862370014190674,
 2621.0,
 2052.0,
 1.0,
 7.957428455352783,
 2522.0,
 2521.0,
 3.0,
 9.121930122375488,
 2043.0,
 2443.0,
 2.0,
 9.589720726013184,
 1745.0,
 2051.0,
 6.0,
 9.234545707702637,
 1769.0,
 1772.0,
 4.0,
 10.388864517211914,
 2060.0,
 1763.0,
 5.0,
 10.535186767578125,
 2236.0,
 2041.0,
 1.0,
 9.973310470581055,
 2262.0,
 2230.0,
 3.0,
 10.999974250793457,
 2039.0,
 2178.0,
 2.0,
 10.999974250793457,
 1860.0,
 2040.0,
 6.0,
 10.388864517211914,
 1911.0,
 1903.0,
 4.0,
 11.164153099060059,
 2042.0,
 1852.0,
 5.0,
 11.164153099060059,
 2198.0,
 2036.0,
 1.0,
 10.535186767578125,
 2161.0,
 2171.0,
 3.0,
 11.333307266235352,
 2044.0,
 2181.0,
 2.0,
 11.507664680480957,
 1950.0,
 2068.0,
 6.0,
 10.535186767578125,
 1956.0,
 1937.0,
 4.0,
 11.872987747192383,
 2026.0,
 1928.0,
 5.0,
 11.333307266235352,
 2161.0,
 2046.0,
 1.0,
 10.685688972473145,
 2186.0,
 2188.0,
 3.0,
 11.687472343444824,
 2050.0,
 2188.0,
 2.0,
 11.333307266235352,
 1909.0,
 2049.0,
 6.0,
 10.388864517211914,
 1917.0,
 1895.0,
 4.0,
 12.064488410949707,
 2030.0,
 1907.0,
 5.0,
 11.507664680480957,
 2146.0,
 2041.0,
 1.0,
 10.388864517211914,
 2172.0,
 2183.0,
 3.0,
 11.872987747192383,
 2049.0,
 2149.0,
 2.0,
 11.687472343444824,
 1881.0,
 2062.0,
 6.0,
 10.388864517211914,
 1930.0,
 1926.0,
 4.0,
 11.872987747192383,
 2010.0,
 1945.0,
 5.0,
 11.872987747192383,
 2170.0,
 2042.0,
 1.0,
 10.108084678649902,
 2155.0,
 2152.0,
 3.0,
 11.872987747192383,
 2045.0,
 2148.0,
 2.0,
 11.872987747192383,
 1938.0,
 2062.0,
 6.0,
 10.388864517211914,
 1902.0,
 1902.0,
 4.0,
 11.507664680480957,
 2025.0,
 1915.0,
 5.0,
 11.872987747192383,
 2154.0,
 2014.0,
 1.0,
 10.685688972473145,
 2161.0,
 2155.0,
 3.0,
 11.507664680480957,
 2048.0,
 2145.0,
 2.0,
 11.872987747192383,
 1905.0,
 2032.0,
 6.0,
 10.535186767578125,
 1914.0,
 1898.0,
 4.0,
 11.333307266235352,
 2049.0,
 1876.0,
 5.0,
 11.687472343444824,
 2163.0,
 2033.0,
 1.0,
 10.840554237365723,
 2150.0,
 2135.0,
 3.0,
 11.507664680480957,
 2028.0,
 2192.0,
 2.0,
 11.507664680480957,
 1931.0,
 2048.0,
 6.0,
 11.164153099060059,
 1911.0,
 1931.0,
 4.0,
 11.333307266235352,
 2008.0,
 1911.0,
 5.0,
 11.333307266235352,
 2175.0,
 2049.0,
 1.0,
 11.164153099060059,
 2195.0,
 2171.0,
 3.0,
 11.333307266235352,
 2038.0,
 2172.0,
 2.0,
 11.164153099060059,
 1882.0,
 2049.0,
 6.0,
 11.333307266235352,
 1915.0,
 1929.0,
 4.0,
 11.164153099060059,
 2019.0,
 1904.0,
 5.0,
 11.507664680480957,
 2138.0,
 2048.0,
 1.0,
 11.333307266235352,
 2170.0,
 2180.0,
 3.0,
 11.507664680480957,
 2029.0,
 2155.0,
 2.0,
 11.164153099060059,
 1916.0,
 2039.0,
 6.0,
 10.999974250793457,
 1910.0,
 1913.0,
 4.0,
 11.687472343444824,
 2027.0,
 1890.0,
 5.0,
 11.164153099060059,
 2174.0,
 2041.0,
 1.0,
 10.999974250793457,
 2176.0,
 2148.0,
 3.0,
 11.333307266235352,
 2027.0,
 2175.0,
 2.0,
 11.164153099060059,
 1915.0,
 2052.0,
 6.0,
 11.333307266235352,
 1916.0,
 1921.0,
 4.0,
 11.333307266235352,
 2029.0,
 1908.0,
 5.0,
 11.333307266235352,
 2145.0,
 2039.0,
 1.0,
 10.999974250793457,
 2157.0,
 2159.0,
 3.0,
 11.333307266235352,
 2029.0,
 2186.0,
 2.0,
 11.507664680480957,
 1888.0,
 2035.0,
 6.0,
 10.999974250793457,
 1946.0,
 1932.0,
 4.0,
 11.333307266235352,
 2026.0,
 1884.0,
 5.0,
 11.164153099060059,
 2162.0,
 2044.0,
 1.0,
 11.333307266235352,
 2178.0,
 2170.0,
 3.0,
 11.164153099060059,
 2034.0,
 2135.0,
 2.0,
 11.333307266235352,
 1912.0,
 2059.0,
 6.0,
 11.164153099060059,
 1944.0,
 1940.0,
 4.0,
 11.164153099060059,
 2018.0,
 1912.0,
 5.0,
 11.164153099060059,
 2131.0,
 2034.0,
 1.0,
 11.333307266235352,
 2152.0,
 2122.0,
 3.0,
 11.164153099060059,
 2053.0,
 2148.0,
 2.0,
 11.333307266235352,
 1887.0,
 2041.0,
 6.0,
 11.164153099060059,
 2024.0,
 1946.0,
 5.0,
 5.666653633117676,
 2155.0,
 2041.0,
 1.0,
 11.164153099060059,
 2165.0,
 2200.0,
 3.0,
 11.687472343444824,
 1893.0,
 2024.0,
 6.0,
 5.540727615356445,
 1931.0,
 1910.0,
 4.0,
 11.507664680480957,
 2026.0,
 1902.0,
 5.0,
 11.164153099060059,
 2149.0,
 2029.0,
 1.0,
 10.999974250793457,
 2157.0,
 2173.0,
 3.0,
 11.687472343444824,
 2041.0,
 2160.0,
 2.0,
 11.507664680480957,
 1960.0,
 2053.0,
 6.0,
 10.685688972473145,
 1900.0,
 1890.0,
 4.0,
 11.507664680480957,
 2019.0,
 1922.0,
 5.0,
 11.507664680480957,
 2173.0,
 2034.0,
 1.0,
 10.840554237365723,
 2160.0,
 2139.0,
 3.0,
 11.507664680480957,
 2034.0,
 2139.0,
 2.0,
 11.507664680480957,
 1944.0,
 2044.0,
 6.0,
 10.840554237365723,
 1935.0,
 1953.0,
 4.0,
 11.507664680480957,
 2009.0,
 1928.0,
 5.0,
 11.507664680480957,
 2172.0,
 2034.0,
 1.0,
 10.685688972473145,
 2148.0,
 2137.0,
 3.0,
 11.687472343444824,
 2043.0,
 2163.0,
 2.0,
 11.507664680480957,
 1927.0,
 2056.0,
 6.0,
 10.535186767578125,
 1963.0,
 1951.0,
 4.0,
 11.872987747192383,
 2031.0,
 1875.0,
 5.0,
 11.507664680480957,
 2166.0,
 2044.0,
 1.0,
 10.685688972473145,
 2139.0,
 2123.0,
 3.0,
 11.872987747192383,
 2033.0,
 2159.0,
 2.0,
 11.333307266235352,
 1913.0,
 2051.0,
 6.0,
 10.535186767578125,
 1926.0,
 1937.0,
 4.0,
 11.872987747192383,
 2006.0,
 1922.0,
 5.0,
 11.507664680480957,
 2174.0,
 2037.0,
 1.0,
 10.388864517211914,
 2155.0,
 2166.0,
 3.0,
 11.872987747192383,
 2033.0,
 2158.0,
 2.0,
 11.872987747192383,
 1896.0,
 2050.0,
 6.0,
 10.388864517211914,
 1907.0,
 1890.0,
 4.0,
 11.872987747192383,
 2031.0,
 1895.0,
 5.0,
 11.687472343444824,
 2203.0,
 2041.0,
 1.0,
 10.108084678649902,
 2190.0,
 2180.0,
 3.0,
 11.872987747192383,
 2030.0,
 2130.0,
 2.0,
 11.872987747192383,
 1886.0,
 2030.0,
 6.0,
 10.388864517211914,
 1922.0,
 1903.0,
 4.0,
 11.507664680480957,
 2034.0,
 1881.0,
 5.0,
 12.064488410949707,
 2140.0,
 2032.0,
 1.0,
 10.685688972473145,
 2167.0,
 2144.0,
 3.0,
 11.507664680480957,
 2045.0,
 2152.0,
 2.0,
 11.872987747192383,
 1947.0,
 2059.0,
 6.0,
 10.535186767578125,
 1907.0,
 1922.0,
 4.0,
 11.333307266235352,
 2025.0,
 1901.0,
 5.0,
 11.872987747192383,
 2163.0,
 2046.0,
 1.0,
 10.685688972473145,
 2143.0,
 2128.0,
 3.0,
 11.507664680480957,
 2031.0,
 2169.0,
 2.0,
 11.507664680480957,
 1900.0,
 2044.0,
 6.0,
 11.333307266235352,
 2022.0,
 1942.0,
 5.0,
 5.7099103927612305,
 2153.0,
 2042.0,
 1.0,
 11.164153099060059,
 2142.0,
 2130.0,
 3.0,
 11.333307266235352,
 2043.0,
 2173.0,
 2.0,
 11.164153099060059,
 1937.0,
 2061.0,
 6.0,
 11.333307266235352,
 1884.0,
 1884.0,
 4.0,
 11.164153099060059,
 2017.0,
 1906.0,
 5.0,
 11.333307266235352,
 2148.0,
 2032.0,
 1.0,
 11.333307266235352,
 2167.0,
 2144.0,
 3.0,
 11.507664680480957,
 2048.0,
 2145.0,
 2.0,
 11.164153099060059,
 1895.0,
 2051.0,
 6.0,
 10.999974250793457,
 1912.0,
 1929.0,
 4.0,
 11.507664680480957,
 2045.0,
 1893.0,
 5.0,
 11.164153099060059,
 2139.0,
 2037.0,
 1.0,
 11.164153099060059,
 2189.0,
 2181.0,
 3.0,
 11.333307266235352,
 2038.0,
 2160.0,
 2.0,
 11.164153099060059,
 1960.0,
 2054.0,
 6.0,
 11.164153099060059,
 1936.0,
 1916.0,
 4.0,
 11.507664680480957,
 2027.0,
 1901.0,
 5.0,
 11.333307266235352,
 2158.0,
 2047.0,
 1.0,
 10.999974250793457,
 2183.0,
 2173.0,
 3.0,
 11.164153099060059,
 2034.0,
 2161.0,
 2.0,
 11.507664680480957,
 1897.0,
 2027.0,
 6.0,
 10.999974250793457,
 1941.0,
 1934.0,
 4.0,
 11.333307266235352,
 2034.0,
 1868.0,
 5.0,
 11.164153099060059,
 2178.0,
 2032.0,
 1.0,
 11.333307266235352,
 2186.0,
 2176.0,
 3.0,
 11.164153099060059,
 2052.0,
 2155.0,
 2.0,
 11.333307266235352,
 1924.0,
 2047.0,
 6.0,
 11.164153099060059,
 1949.0,
 1958.0,
 4.0,
 11.164153099060059,
 2059.0,
 1995.0,
 5.0,
 -11.164153099060059,
 2129.0,
 2042.0,
 1.0,
 11.333307266235352,
 2151.0,
 2169.0,
 3.0,
 11.164153099060059,
 2036.0,
 2137.0,
 2.0,
 11.333307266235352,
 1923.0,
 2057.0,
 6.0,
 11.164153099060059,
 1918.0,
 1914.0,
 4.0,
 11.507664680480957,
 2018.0,
 1901.0,
 5.0,
 10.999974250793457,
 2142.0,
 2026.0,
 1.0,
 11.164153099060059,
 2178.0,
 2195.0,
 3.0,
 11.507664680480957,
 2042.0,
 2113.0,
 2.0,
 11.164153099060059,
 1914.0,
 2072.0,
 6.0,
 10.999974250793457,
 1934.0,
 1925.0,
 4.0,
 11.687472343444824,
 2013.0,
 1934.0,
 5.0,
 11.164153099060059,
 2129.0,
 2045.0,
 1.0,
 10.999974250793457,
 2192.0,
 2162.0,
 3.0,
 11.507664680480957,
 2044.0,
 2157.0,
 2.0,
 11.507664680480957,
 1940.0,
 2061.0,
 6.0,
 10.840554237365723,
 1925.0,
 1928.0,
 4.0,
 11.687472343444824,
 2018.0,
 1955.0,
 5.0,
 11.507664680480957,
 2135.0,
 2057.0,
 1.0,
 10.840554237365723,
 2157.0,
 2164.0,
 3.0,
 11.507664680480957,
 2048.0,
 2174.0,
 2.0,
 11.687472343444824,
 1922.0,
 2025.0,
 6.0,
 10.685688972473145,
 1902.0,
 1933.0,
 4.0,
 11.507664680480957,
 2008.0,
 1920.0,
 5.0,
 11.507664680480957,
 2180.0,
 2029.0,
 1.0,
 10.840554237365723,
 2182.0,
 2170.0,
 3.0,
 11.507664680480957,
 2037.0,
 2149.0,
 2.0,
 11.507664680480957,
 1922.0,
 2038.0,
 6.0,
 10.685688972473145,
 1950.0,
 1948.0,
 4.0,
 11.872987747192383,
 2021.0,
 1942.0,
 5.0,
 11.507664680480957,
 2168.0,
 2039.0,
 1.0,
 10.685688972473145,
 2180.0,
 2181.0,
 3.0,
 11.687472343444824,
 2058.0,
 2126.0,
 2.0,
 11.507664680480957,
 1891.0,
 2045.0,
 6.0,
 10.388864517211914,
 2017.0,
 1933.0,
 5.0,
 5.889750003814697,
 2144.0,
 2035.0,
 1.0,
 10.388864517211914,
 2181.0,
 2160.0,
 3.0,
 11.872987747192383,
 2029.0,
 2162.0,
 2.0,
 11.687472343444824,
 1920.0,
 2072.0,
 6.0,
 10.388864517211914,
 1899.0,
 1922.0,
 4.0,
 11.872987747192383,
 2030.0,
 1904.0,
 5.0,
 11.872987747192383,
 2175.0,
 2042.0,
 1.0,
 10.108084678649902,
 2203.0,
 2195.0,
 3.0,
 11.872987747192383,
 2033.0,
 2134.0,
 2.0,
 11.872987747192383,
 1902.0,
 2052.0,
 6.0,
 10.388864517211914,
 1898.0,
 1885.0,
 4.0,
 11.687472343444824,
 2038.0,
 1883.0,
 5.0,
 11.872987747192383,
 2166.0,
 2038.0,
 1.0,
 10.685688972473145,
 2164.0,
 2122.0,
 3.0,
 11.507664680480957,
 2057.0,
 2151.0,
 2.0,
 11.872987747192383,
 1926.0,
 2068.0,
 6.0,
 10.685688972473145,
 1920.0,
 1937.0,
 4.0,
 11.333307266235352,
 2015.0,
 1913.0,
 5.0,
 11.687472343444824,
 2164.0,
 2035.0,
 1.0,
 10.840554237365723,
 2162.0,
 2154.0,
 3.0,
 11.333307266235352,
 2020.0,
 2145.0,
 2.0,
 11.687472343444824,
 1876.0,
 2033.0,
 6.0,
 11.164153099060059,
 1931.0,
 1941.0,
 4.0,
 11.333307266235352,
 2034.0,
 1889.0,
 5.0,
 11.333307266235352,
 2141.0,
 2032.0,
 1.0,
 11.164153099060059,
 2162.0,
 2158.0,
 3.0,
 11.333307266235352,
 1898.0,
 2050.0,
 6.0,
 5.62404727935791,
 1919.0,
 1911.0,
 4.0,
 11.333307266235352,
 2027.0,
 1865.0,
 5.0,
 11.333307266235352,
 2159.0,
 2026.0,
 1.0,
 11.333307266235352,
 2139.0,
 2149.0,
 3.0,
 11.333307266235352,
 2025.0,
 2136.0,
 2.0,
 11.164153099060059,
 1894.0,
 2044.0,
 6.0,
 10.999974250793457,
 1940.0,
 1921.0,
 4.0,
 11.687472343444824,
 2029.0,
 1896.0,
 5.0,
 11.164153099060059,
 2165.0,
 2034.0,
 1.0,
 11.164153099060059,
 2185.0,
 2202.0,
 3.0,
 11.333307266235352,
 2034.0,
 2200.0,
 2.0,
 11.164153099060059,
 1895.0,
 2033.0,
 6.0,
 11.164153099060059,
 1916.0,
 1892.0,
 4.0,
 11.507664680480957,
 2026.0,
 1892.0,
 5.0,
 11.333307266235352,
 2141.0,
 2046.0,
 1.0,
 10.999974250793457,
 2157.0,
 2161.0,
 3.0,
 11.164153099060059,
 2040.0,
 2185.0,
 2.0,
 11.507664680480957,
 1923.0,
 2039.0,
 6.0,
 10.999974250793457,
 1920.0,
 1896.0,
 4.0,
 11.333307266235352,
 2030.0,
 1916.0,
 5.0,
 11.333307266235352,
 ...]

​
